10000
Média =  12,7803
Tempo =  0,04893281699064866s
0 		 5
1 		 66
2 		 72
3 		 175
4 		 217
5 		 344
6 		 370
7 		 434
8 		 485
9 		 588
10 		 535
11 		 846
12 		 656
13 		 849
14 		 661
15 		 697
16 		 541
17 		 502
18 		 411
19 		 377
20 		 358
21 		 313
22 		 246
23 		 168
24 		 84

100000
Média =  12,5072
Tempo =  0,6774694539673091s
0 		 139
1 		 703
2 		 1116
3 		 2057
4 		 2301
5 		 3519
6 		 3557
7 		 4583
8 		 5012
9 		 5752
10 		 6319
11 		 7110
12 		 7449
13 		 7675
14 		 7010
15 		 6671
16 		 5819
17 		 5306
18 		 4522
19 		 3947
20 		 3196
21 		 2516
22 		 1884
23 		 1227
24 		 610

1000000
Média =  12,51624
Tempo =  5,2728989216632405s
0 		 1529
1 		 6545
2 		 11747
3 		 19663
4 		 24438
5 		 32979
6 		 37374
7 		 45244
8 		 51241
9 		 57813
10 		 63994
11 		 70617
12 		 75693
13 		 76434
14 		 69554
15 		 63939
16 		 57358
17 		 51286
18 		 45295
19 		 39117
20 		 32648
21 		 26145
22 		 19796
23 		 13015
24 		 6536

10000000
Média =  12,4839885
Tempo =  49,78497108326011s
0 		 16343
1 		 64457
2 		 130477
3 		 192953
4 		 258597
5 		 320904
6 		 385632
7 		 446716
8 		 512504
9 		 573005
10 		 638981
11 		 700274
12 		 763324
13 		 763456
14 		 701327
15 		 638866
16 		 574882
17 		 510999
18 		 449829
19 		 386342
20 		 323716
21 		 257469
22 		 194572
23 		 129650
24 		 64725

100000000
Média =  12,4746927
Tempo =  494,44793130376326s
0 		 160605
1 		 644950
2 		 1289547
3 		 1928371
4 		 2569269
5 		 3205916
6 		 3846088
7 		 4485000
8 		 5126053
9 		 5761264
10 		 6403182
11 		 7026850
12 		 7674085
13 		 7658291
14 		 7042721
15 		 6386653
16 		 5760635
17 		 5113676
18 		 4476629
19 		 3837205
20 		 3200004
21 		 2562706
22 		 1921331
23 		 1280046
24 		 638923

1000000000
Média =  12,479272732
Tempo =  5071,937506999394s
0 		 1602704
1 		 6393362
2 		 12816049
3 		 19186845
4 		 25625486
5 		 31972451
6 		 38426191
7 		 44784523
8 		 51237485
9 		 57576434
10 		 64028007
11 		 70357558
12 		 76840446
13 		 76772247
14 		 70448571
15 		 63973774
16 		 57634967
17 		 51184062
18 		 44826585
19 		 38363505
20 		 31987012
21 		 25592976
22 		 19179956
23 		 12795145
24 		 6393659